mandarina 0.00 0 0.00 140.0 80.99965449999999 258.0 164.9998175 0.00 0.00 0.00 0.00 0.00 0.00 0.00
mandarina 0.00 0 0.00 296.0 89.4998285 328.0 166.4996495 0.00 0.00 0.00 0.00 0.00 0.00 0.00
mandarina 0.00 0 0.00 525.0 62.500037500000005 633.0 179.4998825 0.00 0.00 0.00 0.00 0.00 0.00 0.00
mandarina 0.00 0 0.00 448.5 90.499998 541.5 203.499728 0.00 0.00 0.00 0.00 0.00 0.00 0.00
mandarina 0.00 0 0.00 305.5 218.00035599999998 422.5 320.00019199999997 0.00 0.00 0.00 0.00 0.00 0.00 0.00
mandarina 0.00 0 0.00 266.0 462.00005200000004 380.0 553.9998820000001 0.00 0.00 0.00 0.00 0.00 0.00 0.00
mandarina 0.00 0 0.00 11.5 477.49972349999996 164.5 562.4997745 0.00 0.00 0.00 0.00 0.00 0.00 0.00
mandarina 0.00 0 0.00 382.5 329.9999165 495.5 425.9998615 0.00 0.00 0.00 0.00 0.00 0.00 0.00
mandarina 0.00 0 0.00 497.0 250.9997565 569.0 356.9997075 0.00 0.00 0.00 0.00 0.00 0.00 0.00
mandarina 0.00 0 0.00 583.0 276.50027850000004 699.0 393.5001235 0.00 0.00 0.00 0.00 0.00 0.00 0.00
mandarina 0.00 0 0.00 660.5 349.49998450000004 777.5 454.5000475 0.00 0.00 0.00 0.00 0.00 0.00 0.00
mandarina 0.00 0 0.00 735.5 404.0000734999999 856.5 500.00001849999995 0.00 0.00 0.00 0.00 0.00 0.00 0.00
mandarina 0.00 0 0.00 537.5 143.99991749999998 658.5 238.0000865 0.00 0.00 0.00 0.00 0.00 0.00 0.00
mandarina 0.00 0 0.00 626.5 198.0000625 725.5 292.0002315 0.00 0.00 0.00 0.00 0.00 0.00 0.00
mandarina 0.00 0 0.00 722.0 191.99989 838.0 311.999962 0.00 0.00 0.00 0.00 0.00 0.00 0.00
